dropout: 0.4972631854055143
hidden_dim: 384
label_smoothing: 0.05331832505427192
lr_head: 0.001979497016020655
val_accuracy: 0.3891625615763547
